005
005
031
031
059
059
076
076
077
132
132
135
135
160
160
191
192
192
218
218
244
244
245
245
246
271
271
272
272
299
299
300
111
111
241
241
244
244
268
268
270
271
271
272
272
297
297
327
025
025
038
038
061
061
062
062
063
074
074
080
080
081
081
085
106
106
107
107
108
108
116
116
133
141
141
147
147
167
167
215
241
241
261
261
284
284
286
286
307
308
308
309
309
335
335
354
008
008
014
014
015
015
018
019
019
034
034
035
035
041
041
051
053
053
065
065
066
066
072
073
073
074
074
091
091
093
093
101
105
105
106
106
118
118
148
149
149
165
165
177
177
178
178
184
189
189
190
190
201
201
203
205
205
220
220
221
221
230
230
231
232
232
247
247
248
248
249
271
271
276
276
277
277
289
289
296
303
303
308
308
312
312
333
335
335
336
336
342
342
358
361
361
365
365
004
004
015
015
046
047
047
057
057
058
058
059
075
075
083
083
084
084
090
090
109
114
114
115
115
127
127
131
133
133
141
141
142
142
143
143
167
168
168
177
177
196
196
199
208
208
218
218
246
246
247
247
256
257
257
262
262
263
263
268
269
269
270
270
279
279
295
295
300
303
303
309
309
310
310
311
312
312
318
318
327
327
330
336
336
337
337
352
352
353
353
063
081
081
083
083
084
084
085
107
107
110
110
117
117
123
123
127
131
131
132
132
133
133
134
137
137
138
138
159
159
160
160
167
180
180
208
208
212
212
213
214
214
217
217
224
224
225
225
230
241
241
243
243
244
244
256
257
257
261
261
269
269
280
280
281
282
282
284
284
285
285
286
293
293
302
302
314
314
315
352
