037
037
037
037
037
037
037
037
037
037
037
037
037
037
037
037
050
050
050
050
050
050
050
050
050
050
050
050
050
050
050
050
079
079
079
079
079
079
079
079
079
079
079
079
079
079
079
079
090
090
090
090
090
090
090
090
090
090
090
090
090
090
090
090
091
091
091
091
091
091
091
091
091
091
091
091
091
091
091
091
111
111
111
111
111
111
111
111
111
111
111
111
111
111
111
207
207
207
207
207
207
207
207
207
207
207
207
207
207
207
207
241
241
241
241
241
241
241
241
241
241
241
241
241
241
241
241
244
244
244
244
244
244
244
244
244
244
244
244
244
244
244
244
245
245
245
245
245
245
245
245
245
245
245
245
245
245
245
245
268
268
268
268
268
268
268
268
268
268
268
268
268
268
268
268
269
269
269
269
269
269
269
269
269
269
269
269
269
269
269
270
270
270
270
270
270
270
270
270
270
270
270
270
270
270
270
271
271
271
271
271
271
271
271
271
271
271
271
271
271
271
271
272
272
272
272
272
272
272
272
272
272
272
272
272
272
272
272
273
273
273
273
273
273
273
273
273
273
273
273
273
273
273
273
274
274
274
274
274
274
274
274
274
274
274
274
274
274
274
274
279
279
279
279
279
279
279
279
279
279
279
279
279
279
279
297
297
297
297
297
297
297
297
297
297
297
297
297
297
297
297
298
298
298
298
298
298
298
298
298
298
298
298
298
298
298
298
303
303
303
303
303
303
303
303
303
303
303
303
303
303
303
303
327
327
327
327
327
327
327
327
327
327
327
327
327
327
327
327
356
356
356
356
356
356
356
356
356
356
356
356
356
356
356
358
